
-------------------------------------------------
-< Truth Table - Logic Circuit Simulator V.1.0 >-
-------------------------------------------------

____________________________

   I0  I1  I2  I3  |    O2  O3  O4  O5

________________________________________

   0   0   0   0   |    0   0   0   1
____________________________

   0   0   0   1   |    0   0   0   1
____________________________

   0   0   1   0   |    0   1   1   0
____________________________

   0   0   1   1   |    0   1   0   1
____________________________

   0   1   0   0   |    0   0   0   1
____________________________

   0   1   0   1   |    0   0   0   1
____________________________

   0   1   1   0   |    0   1   1   0
____________________________

   0   1   1   1   |    0   1   0   1
____________________________

   1   0   0   0   |    0   0   0   1
____________________________

   1   0   0   1   |    0   0   0   1
____________________________

   1   0   1   0   |    1   1   1   0
____________________________

   1   0   1   1   |    1   1   0   1
____________________________

   1   1   0   0   |    1   0   0   1
____________________________

   1   1   0   1   |    1   0   0   1
____________________________

   1   1   1   0   |    1   1   1   0
____________________________

   1   1   1   1   |    1   1   0   1
____________________________

